295232799039604140847618609643520000000
330788544151938641225953028221253782145683251820934971170611926835411235700971565459250872320000000000000000
138683118545689835737939019720389406345902876772687432540821294940160000000000000
13763753091226345046315979581580902400000000
30414093201713378043612608166064768844377641568960512000000000000
121645100408832000
108736615665674308027365285256786601004186803580182872307497374434045199869417927630229109214583415458560865651202385340530688000000000000000000000
24227095383672732381765523203441259715284870552429381750838764496720162249742450276789464634901319465571660595200000000000000000000
120
620448401733239439360000
